9999
900856
975207
461331
187645
896344
760167
838318
467284
970663
929080
872477
856955
907044
249510
640507
557766
432556
844742
946479
855621
375380
542741
526841
691852
79994
505819
448178
509288
865897
270899
83329
766752
74626
534661
944397
789491
123348
611235
256774
94011
540314
947772
940966
275878
197281
409993
823645
448358
254734
770123
132499
448636
141384
649340
140487
211378
973681
407186
539188
839577
496606
612517
434849
561232
965699
207766
350722
907569
809001
426017
991580
177835
373788
761066
443713
389591
171058
267357
656470
244314
856001
778970
682950
987385
428309
813437
27284
401989
220622
556472
70086
707228
987510
494935
96980
781730
692701
266223
689298
501701
682240
680877
669536
874549
270463
931771
92660
431521
27648
739131
665835
873650
518100
177305
689555
764930
980742
535360
985441
201363
910353
55526
727112
726384
368983
814092
508113
61683
80314
25931
381906
581075
525329
869963
455624
785792
801733
538284
45833
819382
105935
530190
521552
614035
697495
39627
207486
678237
564988
192926
698121
303861
66973
425233
30244
425956
239324
356878
306161
138160
372809
678067
709235
888138
376550
983380
673929
178283
350185
538284
816186
446120
68473
166258
60155
755968
195885
257641
262725
579394
269088
950847
873256
154582
204600
722021
570539
262445
78899
695221
390605
441708
201808
918362
158367
568358
901741
650817
565162
251925
189100
381347
688046
247573
537605
566722
993542
552012
642884
84787
131405
730493
35633
994661
875075
230233
545203
445613
311200
614102
959355
520326
874331
161162
438687
32697
719521
168949
673515
284682
239395
852615
484551
917441
918710
840677
312683
740772
221209
774088
815559
342615
504580
841193
165796
379655
889947
700999
643789
29667
315100
603144
539994
17952
754306
968681
40649
473826
956151
532685
577030
195546
213821
880102
112986
132530
549299
244191
863302
760509
18278
507381
103123
512859
177094
87440
711035
885563
778440
354823
905230
912061
947967
445223
920013
702273
242425
779184
994620
198575
311868
400170
384121
344210
280271
315629
466740
819571
549820
158562
408600
386619
655944
501723
717999
823038
407684
429033
708600
186123
773857
442351
916706
721823
877574
665239
252616
938520
444422
247236
137095
574812
637406
511216
909022
736199
645366
204283
384290
195185
352845
782890
400326
827310
113133
118324
478869
510817
537358
15989
515462
311214
448340
432167
851558
154435
97405
104174
92954
360349
169931
220049
925161
625858
549787
662703
362056
195152
856986
564867
208859
209831
176277
599185
855662
107931
707509
334530
437270
73387
340520
942732
203122
607381
203419
54680
751816
119345
148854
834771
298215
308785
873341
223375
924643
423127
704600
115220
436801
561585
498608
464181
589937
664886
63365
445599
591338
589395
770129
28607
481304
929170
789860
674426
536551
983279
719106
288366
921146
857960
941658
219360
985266
814999
261257
738430
66646
955857
672171
321968
517441
170778
776149
107378
654185
658035
371498
245523
75951
141626
264130
547255
889318
53990
221680
425868
855790
930787
532755
605456
617267
302934
814817
431054
117932
894595
169483
993100
678972
660175
143589
24933
820953
909738
122311
475138
396294
312330
539182
462245
272478
621833
999500
161795
494344
221179
406184
178655
970487
757460
774111
587754
60393
417448
18807
986847
312042
996812
808468
809535
656986
942057
824469
306459
680315
765301
600118
76608
77631
139299
528853
340109
751133
356873
491904
73997
568053
716609
242652
538539
474068
16763
944814
524462
252732
782142
339829
383296
778953
148296
192830
264459
90352
17298
560919
760668
772600
161036
655797
840231
118857
184650
180339
688511
360044
490764
752508
918097
35893
813682
285157
499961
648966
229970
842944
891698
830634
182773
274993
438107
321069
457824
692567
401422
293643
82006
980611
66242
61563
636407
724994
170420
639578
723854
677452
989623
214617
258481
736240
240510
72162
839918
558993
711128
69888
401936
602825
719043
574709
696340
157149
885779
972685
839716
115721
266327
740243
914853
322570
791807
379780
47563
780748
837880
761418
286721
827502
794556
535202
392262
853588
425885
232180
412580
137012
120589
804516
558358
829632
207746
83218
976781
912046
55902
645018
846288
312230
385260
761140
624800
995588
140919
490884
604857
797320
80822
881578
624821
693900
416779
835605
547487
832664
67784
950067
788197
996895
583103
175075
826526
609370
248294
631827
521415
294196
276844
367702
596426
480626
947363
49746
304734
906804
359152
899591
704123
258495
609689
157465
942395
26467
983070
489881
677652
869375
268468
294369
866269
670093
287966
692794
279462
526260
153141
619399
638977
248507
805622
63924
547654
752985
922192
842388
488309
109864
570500
192431
358360
180188
339896
300754
25177
151486
609157
692829
839382
867625
805720
705650
366238
93685
226964
635701
438466
370106
255099
77442
608613
60720
949888
156266
632226
872080
817175
120534
971944
387674
302966
330303
557863
461383
449579
573040
431391
58735
94389
270772
744881
718630
794944
111119
630836
21907
565341
69301
382013
638961
955266
809147
518202
905153
955413
150428
777232
601109
260962
749176
978783
382449
898000
365166
662354
347578
756727
912266
224834
669638
11558
788237
388267
796502
889356
837625
808410
283217
896926
18943
912178
852191
818091
430379
585865
602024
570807
363096
203132
650291
930793
10436
851261
657314
365602
513614
823413
940851
254400
48247
610488
255959
826484
817276
52460
544360
654900
850870
817577
380347
688335
729754
61058
506425
978654
636923
926970
549461
818541
948624
28272
749333
949060
869533
235167
143182
211668
58580
84032
456068
915349
513041
702027
570353
158838
744488
114712
803738
423878
750810
184084
112212
480563
63664
437158
459216
690587
364128
827198
509127
312751
845470
86981
90331
715003
312148
223513
916671
360728
126067
372738
104597
457629
893287
664950
606467
466295
769662
238726
880173
520471
241331
810907
819555
294995
248064
107292
975583
430713
924490
484709
561985
598481
561690
642316
142004
692360
684351
58674
871609
628939
249933
966207
86567
961741
631156
683035
428035
229339
740282
136729
568331
971613
937636
216407
266608
14220
313699
242190
434934
66709
545420
986919
483711
925632
629235
615715
617991
142106
492910
318120
761045
561365
284326
837612
523105
734004
349167
941141
781864
89448
77869
178715
61061
834026
385122
317669
838246
688821
378380
273179
574052
913800
88619
57762
839431
536375
663478
285942
668481
156387
594063
429525
536273
696910
95657
59378
430913
263346
819040
41297
342794
886909
210013
222376
549455
585135
358566
387700
102477
726946
479401
495050
469267
558020
371333
308697
94394
34810
584640
752875
999720
997224
10920
535992
694133
96577
413891
943568
178444
232930
974865
511239
938360
13398
552136
487814
417055
900703
865515
338053
456169
344915
823103
915436
721456
194435
52654
805850
47767
455815
387245
866008
453038
388165
401999
965692
303263
634412
909259
471708
857342
712645
801468
795702
716043
182124
112036
133097
901348
796072
461150
186038
959508
112773
101473
680963
125730
962649
315333
163497
418463
692578
29504
690022
899264
250024
655714
31048
874436
393493
321277
560299
106137
941266
184521
812181
123389
286557
763799
843259
82629
53470
29296
42136
156243
939291
713100
100494
901940
846954
253991
148923
539532
102016
657467
438795
342041
141701
288364
44997
525194
599641
595296
621332
540906
769817
262033
654296
874896
844353
497554
947525
716344
345371
808182
691109
284661
349802
781603
186600
196756
35594
154045
726288
127610
801512
983604
288172
933213
271968
323170
458406
861609
736987
898259
231036
506804
978813
875332
381699
651687
201406
157744
368030
536777
955926
59138
639959
305728
830742
816560
492484
684857
789126
47292
802467
590637
30895
909161
352370
121384
232330
629297
801515
959317
527556
32550
294641
334889
726403
494861
805097
917809
642605
173127
283106
598531
50786
741586
722780
871528
386666
43784
384905
175791
81076
15893
756428
920493
915054
108797
41877
147383
728095
833392
925221
84171
855942
219862
237581
582344
704723
42678
328673
175849
205805
430300
592901
75112
171885
315680
765162
548552
349464
150066
714343
420540
155959
299292
341032
71012
226610
201430
36916
773226
34821
952138
675918
709284
990521
903500
291627
523764
764699
438821
689613
789025
859121
282513
854137
849528
416714
619298
398079
584699
759365
930943
823760
905324
58755
983314
794858
275366
184743
821774
867113
209565
602432
543031
737370
421473
275051
28997
935238
39749
286339
453371
818774
145460
554406
672910
813509
961120
292208
40108
545819
870094
961051
198099
603938
838328
181412
398795
113693
356156
49090
799327
384242
470043
342357
121611
881517
607408
959130
816754
637157
245469
270124
455930
209450
814530
947362
22958
604171
239569
53066
968511
109662
832638
166609
703600
670965
338022
920917
603179
512699
960007
402506
886941
430049
563384
827073
140086
170792
786203
946840
626470
850193
45485
900922
878164
850015
848283
719643
282706
906373
762709
251216
834556
423867
407826
366676
913354
564369
287592
516532
77067
76119
909038
782529
324690
300943
609601
454776
461735
224324
230137
906726
893038
265622
807647
771201
934158
484450
490843
216864
219343
82072
286601
53898
324461
512948
410575
237814
77316
688167
744346
962905
582808
481905
745433
897498
772848
183555
352273
63103
397879
572410
959829
290917
828032
595997
880639
590711
80446
371482
797575
289790
272075
84175
162209
586536
587124
562784
814350
482961
79472
387217
445866
652280
859122
19819
549777
460490
193374
720571
513593
581254
292981
473421
690692
939534
887939
571330
530244
786907
761333
156339
895218
851930
59036
57426
438465
464681
610211
81336
937642
679683
458553
212028
160483
146195
221848
700260
596685
233743
420830
928799
633518
532332
402219
324209
300387
118679
714061
820631
895586
303914
795492
790803
155843
844528
838229
412830
309208
276960
484166
75370
775164
761240
277399
925647
725956
317768
454427
151161
541511
693779
79959
175029
226110
300699
317759
516497
409378
850341
165649
304963
154255
779662
914287
300098
624189
752516
702928
751918
847997
15614
645809
623161
595375
741729
377328
149851
59496
821756
291012
419529
515534
360971
413079
560165
651671
549359
895184
61048
399700
879354
184533
543955
659015
98819
662574
111724
669856
194023
853642
517853
28158
327971
141013
613534
69700
508341
753385
937718
158617
862919
185767
664151
223889
588846
52837
865560
956727
938021
745130
356426
817374
919663
718902
304909
837003
381475
406633
506859
565498
88795
24711
583657
406766
974246
25711
466466
482586
597617
232705
459725
460535
408472
942397
674425
815840
985234
368505
772566
751775
932156
128991
569148
680339
837893
692578
517342
47888
99210
24200
603387
178005
857433
15564
403293
831678
849797
688280
142784
447413
910985
592509
726470
319457
534906
229415
135296
348660
416441
897862
100435
348597
845374
488104
28935
511787
180682
364798
549675
98413
207519
971583
94940
64951
805668
488233
715150
655464
176512
847935
921399
906019
268964
476389
53996
622391
695804
179292
961052
930766
895675
880008
279362
569569
368111
126819
81355
367314
310138
449551
455728
507658
249655
540668
391130
55322
847422
924802
529308
842455
601257
279227
748473
860221
574137
792469
311133
98461
790282
272184
29226
685956
970713
127110
84045
167344
72450
973922
524659
372588
423473
798908
698767
491649
339575
908419
365492
186996
833220
884800
29450
434476
982548
596445
123217
385205
388913
424350
473666
997717
515055
492893
512193
314288
438524
586239
471633
500974
560160
986292
692083
802154
785199
219371
293802
943295
946311
649295
948812
608051
362615
796783
861048
173684
393227
974265
548889
600662
227136
22555
598378
732191
333969
110570
46479
762493
686809
336633
91987
75490
322924
774070
867644
926644
811962
161446
698459
758272
629262
647270
366322
981877
272573
227369
974082
655801
30155
522971
84983
247291
535526
673361
798003
688016
773931
834482
450508
289261
171114
532495
354751
312559
135085
50915
67723
937048
202361
584703
695319
650144
60493
880163
460542
323067
107531
434623
797389
946208
947594
872372
193498
311640
374253
981502
989656
148183
644504
268684
255965
634140
791179
429237
765220
744786
470153
651465
681833
491035
236167
205672
141179
286661
904356
591721
428249
11887
26343
225637
776616
792459
916530
960115
104098
290782
941616
912276
257486
414640
180959
503452
48779
790660
922689
804000
535445
221362
455464
45798
702398
510152
241470
662098
786813
145826
82339
43582
966235
917204
259219
742850
709662
175748
531485
632282
285051
301621
544557
532538
706262
715516
35989
573562
334696
777199
206082
860141
817083
651546
895939
348001
980220
955931
10098
595553
920278
900959
629136
715033
818162
706876
286403
356345
701146
807889
978627
976197
109509
351704
508734
634292
885741
534723
207854
220437
140443
403936
899099
776047
874004
623559
124047
854223
408010
942667
449775
328287
843625
78910
861841
490307
604308
148243
665173
305453
774653
643799
281649
874163
814024
780384
336975
699765
143627
534829
738723
102591
757287
637821
868638
631290
261379
982685
314033
487910
925351
753808
806197
597496
651240
496558
87803
255547
634802
742976
551000
409454
215296
822649
112137
29319
431553
267634
547605
565181
792463
286327
657772
549749
742670
526410
999560
822570
509094
313592
310480
262966
885922
935198
850462
365682
431756
756786
611229
885079
328283
980750
123053
362100
631919
53712
209940
63472
311346
747546
618653
103808
852394
104945
472079
595063
621355
300159
417633
948971
432273
546634
211936
318194
481831
880919
673876
732108
466226
113625
617186
784509
912896
730240
146608
544814
773952
346548
426807
903819
912615
863981
826148
765009
958927
126747
188592
408802
416907
596225
357772
839180
142858
388229
975895
443211
97669
478291
175318
553895
410437
611026
338403
323332
341265
303532
686667
933738
468601
931996
837556
381216
795976
663703
146224
754902
780451
324816
982226
25878
739563
168518
683579
700942
546748
659473
962674
634417
956285
137992
188311
366721
739018
345235
508574
898804
638767
195240
661062
925889
127235
327138
307104
741733
809362
271849
325155
418333
415187
307380
434211
154749
465899
936311
674212
831168
595783
636886
465584
380588
593399
472416
737309
160937
636172
245882
878262
103459
259644
367844
29347
205400
684982
326452
937133
494343
588301
262288
731198
993488
559668
165408
966758
844088
101719
469491
675255
516023
924898
959360
886612
346817
431775
452441
326275
67946
688324
204536
979927
766489
390901
999275
961889
75882
325726
899022
388746
732548
161309
119943
554557
539498
103873
349835
212107
24113
809326
877362
358657
562744
836722
73789
899561
97017
516231
225835
154964
33075
248892
134890
789564
458314
952686
751452
524196
278411
478994
731464
829481
458824
669928
384037
988323
592322
723872
28950
434956
361719
896312
783614
914463
733033
847403
642545
820051
192154
686901
793536
215229
754315
746947
994793
212628
699633
574766
555346
796565
53759
286809
626045
502584
775258
828603
319427
367580
380996
338377
621057
732715
63209
404670
475698
786243
80594
936764
434814
262748
623665
56870
296499
206500
622338
119812
409128
150491
684578
954474
937057
556859
69803
391622
59442
835062
48746
197390
31162
419742
354288
642219
970978
407497
865411
275196
22260
764526
211960
447074
27273
654146
322465
142293
850646
934804
252106
259773
85294
926684
42768
840872
483542
102571
232494
361505
756154
271240
548895
605837
509503
721704
248056
480480
129201
931988
745676
141461
696513
776157
407057
542307
430302
719522
674601
280947
482846
916707
359242
558141
671911
392010
399012
973975
313102
450027
335479
69256
539788
702896
665093
867812
424599
731670
348291
372321
663657
912489
332304
188690
517166
729361
720998
937469
277403
224119
218415
750250
140825
567657
136911
631257
778188
354444
605231
91290
794472
759232
150546
162780
462127
634160
30592
705247
194351
197404
896090
676529
928414
228393
855220
445580
947754
404738
383048
53677
618857
419984
622448
578203
806163
749359
209459
584350
103803
804691
494161
716796
392443
634707
698097
844570
97388
718689
378337
281739
734615
102947
776789
663028
321340
460529
108607
97614
855267
310176
141292
474123
720161
753740
52325
526323
331620
80306
929194
253944
703518
423355
789261
95960
876583
487357
759051
792492
34567
137387
74230
759182
230335
669541
422209
370196
130069
349338
457811
975337
649514
417624
277980
369674
171363
148827
714518
321504
219133
643712
565448
912651
885588
354708
998611
762170
660587
586182
554662
685154
713569
447413
444335
762425
935475
685065
951143
65544
34402
408953
859402
673917
816577
137381
862112
806461
104729
576630
946487
313862
48862
511934
55033
752971
685164
872165
515140
345750
458346
888323
30903
990437
164257
293759
581382
99731
968824
532524
155275
993227
759998
14676
495664
405095
960580
186296
211556
65308
752926
158042
197692
620309
488497
242725
373279
173660
933412
706941
509410
391757
595263
358834
210714
578041
642593
782097
667773
611417
143141
641569
433164
893140
474767
747349
298234
435346
923645
328311
319175
505092
304874
506867
125400
783372
568114
317201
775553
330046
24141
113484
540324
437925
462318
741039
834488
104911
351656
502260
534849
484797
143828
786534
377936
437116
533882
494692
862462
457526
813003
10158
952618
117877
335546
896540
719770
722181
42261
495322
52226
56402
598806
582551
312848
61124
152110
965857
974557
493766
468116
509405
968563
430466
295938
175020
857582
648341
488233
548565
924388
301235
377244
877006
237633
702790
602066
947403
424971
634327
442725
295718
509250
860052
868269
640619
911176
20378
606476
714253
332665
893113
223657
301228
323578
338116
294769
999682
804978
773002
376767
729366
892758
744011
434892
130391
446800
36957
896315
690292
489805
167560
976011
989055
27612
672800
458194
928788
683179
64669
643041
834365
947783
685219
135592
99881
841857
248882
918084
646834
840405
294850
204720
733163
38860
629612
682075
304182
656569
578389
984474
964895
735950
789005
782470
753562
461805
240664
510870
963505
123854
972432
797869
890158
657651
751983
980040
328028
819386
726644
793383
659791
21494
988104
221474
868876
617715
893549
991579
102805
300458
976053
67699
36407
593578
840170
608490
55382
899355
119360
837408
23208
910313
463798
903367
396484
215780
711927
714512
853687
438570
336416
513477
450064
324519
724951
147461
760755
447020
139039
853560
737479
933613
739781
763886
527191
408471
200897
401094
307825
138778
67023
149554
49090
520821
52920
435575
555122
754847
968608
408808
193417
305023
740807
462002
448063
294278
427984
208818
731299
557024
880899
468777
490636
449200
61183
836348
676192
252080
65963
802538
209379
122986
942093
248470
462328
985013
502566
17449
568381
299694
244778
580319
594718
975585
42320
861302
98384
460305
888641
819683
835850
769540
288459
155006
47260
168163
981355
713453
238765
47317
515990
438144
978825
286603
505135
441152
271616
997701
277122
658518
297395
511900
238836
710634
316006
99677
400456
404390
378503
289097
52593
214352
877158
159573
359359
914418
317736
169234
456391
546501
206551
790903
803167
13896
77505
308301
445048
167642
134523
712170
816160
250439
52590
873517
951073
187117
791716
180049
410028
170218
459146
452621
203092
164824
602194
552451
79242
909931
711685
354154
284952
736757
145056
88118
740653
41083
214941
14221
198725
339464
716391
833407
579903
587502
535444
359496
764620
327159
529545
174647
487378
807213
617269
680470
962037
47983
61441
859800
776435
591647
213954
61387
328403
177531
958027
887577
208614
172967
891798
225861
502431
436709
59267
900855
842732
413232
260350
607351
730392
779896
600520
46290
587108
217788
716760
377665
84292
596722
237465
850728
188368
441419
730636
335292
608950
688662
51389
636086
680151
761708
851947
11102
198416
729735
901958
859669
142966
162307
467020
691879
760724
67539
728169
176352
103848
273449
544018
996662
860171
600004
847389
867060
41422
578024
202351
468893
266686
72261
923500
765358
823969
775446
766460
840906
333701
496938
700575
295189
649246
167594
977068
238490
53654
533758
404843
966024
797207
767382
962685
485899
367385
638595
352958
227328
216618
373831
514742
301825
436092
438242
67182
260061
42208
652164
100966
365910
149101
620062
479620
616868
777656
456687
845359
649831
808966
78722
444375
606173
664625
235581
92071
32009
864176
263550
77858
80793
455902
582600
201140
881995
839363
258322
960577
871572
900486
880064
66002
868109
500126
535622
484976
106302
810830
330334
574655
619796
399056
837551
54489
63680
73131
955082
904211
927307
218631
800590
826622
493055
383190
27761
375049
222552
104604
164146
912645
823612
862731
968647
691720
191377
332789
176695
116201
143619
497030
680856
581936
714607
518406
626425
596809
410059
581506
329540
165886
618658
130130
982508
111712
503320
828790
305282
544393
923395
287949
285559
747006
150680
254205
438725
160578
405516
433941
266779
367656
749492
766156
939592
464099
284562
394537
879429
513142
794564
208968
669028
413221
329098
480057
343455
650939
308846
638737
23853
232240
916687
299412
797767
885888
372138
65012
46465
596175
488954
303245
953831
238445
69400
721943
521065
172483
116479
400493
504146
901043
427983
173174
142785
575602
643231
476240
55062
770598
114976
887437
821360
850184
15369
619126
736071
206028
674139
601058
792204
981614
722824
574555
48579
610745
296498
559645
773229
231498
778659
105895
132541
35162
269069
93847
600765
730821
560087
474348
501419
493584
361784
322778
343768
367153
760425
898360
563181
263084
327938
183905
244697
50761
748461
283277
651507
44958
661443
253256
266456
268622
349151
217518
293785
436742
301365
713071
986084
679973
187418
316023
173557
539202
457322
335846
724876
217747
62726
116577
470831
380665
290483
534050
421426
38943
635848
891454
73901
125811
144709
158878
384433
312382
194918
496739
567645
486283
209809
553728
984778
215748
859752
976856
744950
317073
312701
298346
353341
193948
404924
642694
564613
685407
176743
804561
714350
631112
524535
606772
575444
487766
755650
949877
790148
940568
446616
357792
255372
474946
730041
68670
680695
589792
45525
254165
725387
176747
542512
78727
360695
765957
539942
743830
279884
535206
548390
812755
166317
891446
419526
731761
379211
993697
510159
169358
762786
775296
345671
836679
250241
75712
895349
749457
484025
759395
993623
37932
926142
364655
925182
286836
949133
465123
849187
229016
990330
226097
41770
975168
117543
279817
535450
486754
273513
45608
474634
854820
810904
810305
520019
879666
704538
415367
457644
17084
993283
279787
45016
919424
462963
788719
34781
412095
253842
873968
459632
72692
100065
491402
47859
36129
589740
573309
512883
853253
608917
977517
536594
248341
616343
56612
946529
320880
290501
232693
156485
283783
502480
191502
31728
955443
798742
56509
196058
52583
748998
645690
115275
667584
137091
971657
693713
716831
544965
206596
398604
972404
184112
753719
49265
618976
800332
985794
929857
909354
218486
904863
193136
539487
96364
214864
494929
713628
89894
680987
756211
828893
326676
690008
324997
282288
661664
18710
817640
35149
43827
44765
997553
46460
617005
46818
655437
417336
851133
585293
155210
888141
490155
166868
427627
405041
200253
741078
937190
280148
422064
693400
927562
567262
211928
252558
668071
863592
89789
314232
888742
123616
177518
714815
160077
784523
751633
805514
30380
431287
219327
175590
319427
528003
332458
737054
751565
522712
478131
688754
621381
718717
210675
377463
114499
412603
448542
772570
104716
528332
905323
811979
470469
82840
526793
449067
857364
106947
254580
877744
528234
292428
871855
666182
810432
32834
403235
390517
545546
699888
897793
985448
247125
108467
191431
351624
511070
629973
942715
434307
976826
848038
246285
275816
749399
591600
714883
606762
517068
959464
313026
45301
80412
184881
530004
709365
207715
751760
99882
571782
451647
987675
385750
688772
96141
567181
858917
425732
25674
801632
678561
821022
478190
914846
96837
227588
334966
801720
652872
842034
589704
784419
705856
660117
787821
235859
369481
814057
977620
459363
385838
257787
275558
590109
765081
190220
975811
623997
434474
991486
254149
113034
812507
550860
846401
899344
596970
181367
529584
78362
841922
119288
852781
547778
769405
640602
602158
957407
454658
408298
245291
659018
656086
510849
249126
249687
519591
224937
863684
944065
44943
936355
57098
675971
315735
893499
403835
902705
893387
923419
971067
735309
42706
823848
111607
630632
292970
703765
588039
737628
112063
823330
225166
586670
162699
464293
826357
672290
507751
518561
616354
371215
283436
491973
47185
589172
385472
441020
491876
107379
364438
291464
661209
225666
933833
591337
846298
226802
295102
262857
782951
225686
86186
998118
630877
238886
290931
457233
901176
788682
794315
346051
978418
77751
828024
25602
485444
42016
456622
795841
139396
639581
87304
619126
683768
839658
210463
530066
66459
324086
782923
839411
368293
687631
666049
989170
745038
946980
274923
474734
564182
887759
810785
542599
784031
467330
558201
269474
499346
833344
65315
457263
301445
961141
76389
975214
800799
105373
333800
685779
419459
935244
353710
777752
622874
838280
595442
196432
785259
688886
661167
177961
576644
300472
710560
360675
757802
97281
448670
85669
749146
332506
532932
50591
293647
599321
844326
912967
694694
178125
427266
932674
113368
599498
538946
554764
437777
134387
569717
223036
813273
59404
390997
389917
349877
920079
569113
926200
17359
17782
11868
585027
340289
534801
625618
452457
952643
469943
193944
475858
466589
611210
237052
398478
210707
765999
771763
467006
890386
341480
680042
532180
390884
889560
740618
559282
638159
309730
314003
645519
146033
315871
230545
476322
669193
674684
918779
450357
963148
931244
916215
258257
542454
153266
646735
571682
909265
418498
38687
628172
578499
537250
160351
787904
255331
890969
175707
883490
29219
479710
357529
165252
785581
406595
460096
283295
81278
378874
723652
862947
138639
639866
121203
671093
611653
586460
71295
349439
823479
918505
796132
401977
284275
775004
18401
529606
665972
184108
241617
513712
653818
589146
497485
267920
814263
947581
541215
885541
154976
264866
577009
283615
723253
516733
773229
163426
103192
834524
331386
916671
581549
127517
147168
855825
892521
155570
213951
387013
329678
445568
890725
802018
853236
388210
888459
667498
164311
429673
381559
309287
513060
777089
582902
64833
293822
184651
218259
387014
837697
539646
303685
419245
485684
440853
103590
378205
414944
136063
755218
563144
571631
474464
365161
253387
681195
253619
739406
835506
501813
120965
963315
833394
888054
374737
888227
10396
549389
925007
387411
387085
293173
509617
796330
768858
940470
718442
965584
183935
844505
720801
737079
244656
23785
102239
488044
694980
174379
55970
359007
494713
985457
322321
328106
702032
687058
44853
702428
236446
959860
89838
442052
81554
589455
66903
668933
358446
775345
634516
532381
619849
183837
269459
683026
197623
190219
989591
711124
183119
45561
70130
667832
31017
210972
814459
723049
888031
849312
425477
942998
637692
505315
385050
537767
913292
441953
206699
271737
45818
831215
622639
484188
15052
882098
167213
31196
890838
156804
732320
73956
192365
792451
560309
213382
821944
203288
754953
709974
871121
180429
481493
508812
504265
685064
865101
246077
945538
71799
336335
981356
893015
948974
465543
726588
659592
622756
747784
550429
598081
480103
442906
780446
101074
821736
812350
913019
25023
567302
451513
886144
566252
751527
223477
889038
436590
88577
135115
210648
968898
289971
20524
690433
238945
304588
417020
888537
917345
983325
267487
515425
291949
700393
124392
211544
350650
926742
943084
365673
322564
394597
80338
878816
964645
122336
596374
229756
29434
550010
430404
988332
829982
440929
507286
68926
735517
742827
947463
481382
726152
43470
815329
836622
733864
758242
48165
84513
684983
981250
268707
997547
204367
167566
704883
987533
108423
129777
217288
946379
669788
637693
934711
499769
897143
270517
387216
461180
13343
334678
761084
729495
368149
404933
394637
920534
163174
261324
823568
838157
71094
910796
664224
265461
896884
197627
252993
995307
317404
288803
941686
977192
745017
704917
305481
470680
965434
682697
921860
797298
835897
511464
526793
32566
906397
739951
943100
69570
991275
595188
726248
62368
334504
218992
146350
231387
406619
217865
55215
542545
496668
815422
519736
70205
348859
643739
530885
142813
326435
281265
930111
162331
782730
285424
184897
689126
25375
946518
577218
16649
370226
131986
887540
694731
340979
33889
744639
737598
70275
618375
108663
556943
433796
446921
617148
772655
90659
966554
905468
407094
247819
664100
387947
30548
939524
391365
538195
954899
166404
115412
790070
526630
237399
677609
49881
568378
530019
784521
134496
418816
402895
61681
965759
655213
498602
411428
256388
579261
377981
980378
804876
444321
644477
192822
464869
584000
574188
993065
367420
730592
926998
157489
85742
982918
653619
125624
379816
12158
728666
332834
420974
950082
384515
215254
433815
873117
445203
680204
452377
641705
660581
85773
86026
305057
268596
540895
707578
661305
362480
74997
220417
289478
51007
124680
100916
694626
240304
470733
525306
787491
793567
936280
566094
178081
970055
989909
51197
415257
670112
322095
56962
159213
397868
951510
282791
484985
320925
980370
964811
673406
873888
185227
781405
914896
299908
872321
438042
358733
343053
781869
964746
955141
718149
530839
133221
516724
349268
992940
921982
837902
315034
797465
987115
531424
577495
98427
834930
888420
897318
799741
390346
771205
974968
171750
514621
103396
862593
771185
280651
34166
553053
245396
979308
99722
594756
112528
606447
762545
923990
356949
600446
67544
972935
416082
588968
550429
504509
423898
438848
401826
52159
819195
991552
845648
809466
334694
939045
672058
105878
48216
524746
648931
112133
504053
738654
525410
435102
173621
287954
359091
520570
878401
416636
493504
294482
824125
43932
617512
76543
301301
19337
118702
939017
829410
954351
748483
164103
721916
249061
88502
760132
763807
727434
690786
267859
294608
216195
521483
458229
494149
870574
797320
372549
115730
290823
485552
758377
153276
103063
653441
444577
930922
590665
212115
588853
545015
950598
571477
95451
199658
649980
674104
781987
205934
364889
49845
319063
399605
389849
767292
883754
260423
393132
84824
194674
673955
388897
771572
645752
310482
425013
908850
241403
15677
120964
648777
379213
71561
220254
464664
89741
688755
957289
690249
884689
150698
558615
203751
540303
938465
789564
252577
27408
182695
155922
212082
675171
534820
973655
320922
835302
227188
229771
895226
232865
340736
544003
602078
230818
754257
885263
139080
443011
671072
819329
156220
811770
377944
178492
180593
144929
786577
251691
162337
787793
397614
192940
462963
922434
985116
602406
586256
212303
822177
481481
435168
981434
25483
855767
40773
598261
569550
169853
859793
69142
807704
16012
699433
14168
13025
870026
149097
789602
940239
301434
577394
337852
484374
858878
88806
469490
461283
665062
500314
283460
146542
754004
93414
162026
609770
124187
578808
997842
284041
438601
66983
910266
273134
756417
914434
276160
454963
882052
65761
395201
12006
461677
723053
486380
320554
801859
774391
771838
466920
274705
873819
431984
28708
957233
584010
456999
81420
162817
454840
183982
419939
340345
912769
683074
96761
827202
949234
370245
537774
833516
755447
539780
295192
307020
844681
434268
108879
447593
206105
394320
712298
898445
816304
559527
855677
228834
16525
927097
210173
289887
929600
620112
448753
842368
131706
535514
498090
80939
724280
35863
732977
479726
394164
846690
776747
238845
280957
704147
676438
305583
98466
217256
204027
733292
595304
878226
780647
430350
633843
980820
538758
563443
429453
977511
234331
551159
341545
722422
450620
65825
576806
183596
535551
960971
30285
140818
28336
129764
834965
523295
425347
751953
559072
447896
485244
154375
326121
94411
574725
778485
75231
113483
170448
494684
909515
394780
864364
251060
117201
314983
306885
512528
488579
660957
302019
337386
791776
148876
457150
455261
490692
701018
207213
49763
148913
510978
22659
293555
595390
415906
72040
489142
347910
232488
802347
257424
445789
666710
498484
381511
971694
623890
884040
288793
284847
186058
616179
76622
153456
891850
521883
634148
592868
547618
673912
560302
58595
515092
843858
472506
920998
734419
951648
268907
785428
753994
516332
231217
249225
833337
602728
49439
457227
315288
328232
732074
319868
762933
627217
463324
654782
967621
97471
76170
515238
589904
626473
392355
104996
298851
683382
844515
33269
463551
113422
637218
46065
448275
858435
285290
110132
289684
324729
557359
594972
471483
117953
904840
234415
735170
368163
707718
531312
284156
773889
865071
864060
228882
85946
787577
517733
759329
460613
369523
222879
564035
996741
258944
830831
855176
362756
930963
963381
677485
316843
558352
148967
424796
463192
201903
159966
649876
899622
509799
924032
502031
374869
616613
720913
450816
232710
67166
210144
683323
426689
251544
75878
423429
329009
896709
107125
681765
656193
70505
359250
791557
618858
326738
216352
900571
518642
194839
550446
246784
694638
302999
738815
69507
738133
288248
510323
960843
345414
538988
644166
762103
780532
710044
14052
928062
435274
111178
609827
909988
171683
787598
701544
609062
114335
907896
509632
622977
921257
878600
688282
615894
10119
427096
675401
738252
533865
14244
699094
697800
371753
171780
288423
970806
700346
292476
898868
954141
393654
508694
864128
383858
296291
394192
982921
229147
130608
492552
670646
51864
199672
358927
657759
199791
776024
161680
928043
138409
984447
455658
826210
356199
445959
933154
327005
146304
225629
225872
100444
437804
553087
783093
811663
667899
995806
794583
887046
126414
115655
557691
986800
305328
906619
473079
495119
511163
453281
251683
639572
437727
697341
294302
612447
961821
227456
929452
108125
271606
973845
27090
699411
526931
628705
511073
23350
453031
134176
900397
569445
239831
286608
384766
363680
193226
847845
848800
694389
301125
919004
162482
557373
444865
275305
169820
406685
321282
917793
333331
582889
891638
350422
282299
247089
797648
611893
88961
250678
564590
979358
638645
622942
265965
23410
976623
277713
689776
653943
790623
980902
572946
943105
366795
17810
46931
526615
243016
358213
272929
566348
931102
983088
735291
41921
58697
532938
472335
137658
602137
855446
935537
69302
478388
201502
82712
283531
297736
591010
927474
88358
400432
328940
849985
757227
165271
886916
112363
398287
73649
375292
954635
823273
186900
689925
855194
235597
51383
156050
363256
643521
11495
127313
702823
308404
318815
604057
581935
435072
195066
337929
513431
585498
656869
363415
342724
812140
78851
273608
38948
142500
467421
983583
955773
644321
502029
639488
869919
543412
785538
61695
15453
615554
179008
536798
913959
316345
140854
495893
741417
154441
652344
83368
729939
309212
436783
891184
939874
334155
983314
968822
466656
450734
780925
250949
95055
282953
880437
954974
644887
494495
835190
650340
110049
14197
187137
842529
320542
146512
166942
880481
290953
809286
953849
839413
118498
219153
730597
876893
543308
542431
845714
999964
983165
455159
79434
78219
728113
949871
851714
372999
272887
686903
841860
372936
691101
28997
43985
830164
984031
200927
710644
274984
828735
664493
114396
765754
873646
663514
642646
245474
205944
316880
73959
189109
762039
143393
85849
490151
93263
927564
681671
356150
614466
523531
547607
134087
371049
410113
782773
355079
429562
321937
448584
258296
976430
552981
24049
678596
45015
485216
742592
240960
792096
806551
248590
554134
939944
324439
862807
851728
80523
372998
36399
513511
715050
402527
466119
86098
802641
248891
259699
232202
560829
526804
309019
365779
898306
323068
862897
933322
798284
605488
992803
418900
412038
69913
791555
180502
212873
654361
32229
111918
27359
58628
615429
560930
451156
81547
465550
82317
148960
715249
304519
528310
70573
603538
884089
958880
745127
575506
720722
371931
180993
542045
609352
411552
601958
400906
582054
804831
55267
604284
735270
891148
481433
350698
452077
922589
250767
907627
994906
218248
451396
127945
736558
340491
550004
449167
299370
123651
24673
20091
485582
24187
552136
94933
254261
972615
314361
826315
605966
359628
259119
341236
79296
559074
510455
349894
310183
751222
86042
305089
959470
355959
251555
696027
686450
620081
145194
975820
733732
978389
814432
47835
992576
195088
132768
246836
986224
265650
891673
592190
443799
969313
751947
513095
528386
262401
681511
828570
13623
586074
952180
791614
932033
203734
487641
618483
642336
451356
422823
376068
258265
65776
413903
250840
79385
365192
316198
65609
620843
207870
476320
64641
177182
228266
396258
524090
480667
77768
352659
312811
482363
304838
104425
414395
327093
410587
851399
959430
851943
102743
335497
110207
158519
567921
179568
56425
923113
485766
112034
372476
512157
578354
427118
507861
625141
641897
31950
105808
538186
203130
408619
20548
497968
503044
424943
815061
903631
276342
603011
584094
197606
928508
512822
346125
496428
682391
221071
248062
986678
323106
610538
327356
719981
856177
653738
173643
498073
675688
269451
36258
868818
496591
46806
195306
818157
461750
828888
550308
556613
431899
952924
572740
188927
465745
737386
675356
966657
948457
741939
953335
100083
352476
109211
638586
37174
752949
802229
525247
257157
890201
551506
944496
386791
416833
139801
33468
697104
958689
573777
82237
219108
355221
644977
398036
810966
382362
891913
777623
330819
633851
559478
420902
804848
487210
878009
832022
240158
680237
185790
487315
570437
555817
431810
775750
962650
390132
799218
659754
177341
201515
560512
386450
546736
205489
774486
357702
406372
666398
953846
727191
128769
341844
966615
923617
819054
844623
755639
877733
353381
759950
365047
913818
315766
615378
689567
278415
824031
317306
756690
991372
508821
317202
377821
874079
341212
970828
60301
737584
465746
832668
293296
584515
174511
88431
508132
812086
751575
92291
689818
104955
842241
873386
18773
976528
317284
526861
254942
141314
662688
830154
951207
990031
965877
157549
864109
135609
128376
914410
863193
584123
747077
975010
987159
740109
63440
495290
380715
805016
406102
70532
899971
76863
762439
737265
53390
898244
92647
126854
39557
745335
947008
980764
735365
912884
956834
427994
48492
85210
342403
730206
487854
908001
705216
475012
476630
587177
788824
847345
392192
23446
736398
120684
90310
498836
676470
133700
225600
587638
250554
255157
332973
26082
64442
886859
757487
21275
143374
624500
915007
304298
354706
231381
212299
878443
524915
507450
465619
313738
354795
676333
155705
909714
615538
236015
237071
120528
188237
452671
698167
428791
697829
849661
273395
580792
565040
30881
420588
698414
645382
164116
992713
818609
385497
205011
697051
900412
530982
981191
42670
875777
486044
188376
785491
920103
242912
22561
40631
421149
465232
728798
668462
981582
406979
931857
390894
962019
952738
630004
660433
426640
784120
653145
245248
169616
676677
760820
888550
207658
570532
749741
83435
56575
756638
687447
795200
818072
528529
825831
239220
812282
383149
726203
622385
780128
486580
13278
742146
267839
633282
231099
684479
245922
874244
748249
405539
550920
509068
122609
748579
79599
690871
650535
944697
276030
166502
739896
94101
685031
394247
151842
497312
595917
868046
119696
376044
183146
941497
936711
440985
403299
167810
125464
639222
860575
863713
863282
411495
201301
804412
978595
270901
495282
629129
44118
761312
785631
602535
673934
299182
986782
815777
786494
582698
512343
724712
777263
685489
494729
542494
126474
888028
700304
70459
355770
560879
752693
219051
790895
943994
23462
769489
43415
337266
227138
77533
917099
12768
670068
591033
301950
485370
235330
906965
68067
566194
460197
663851
251682
944926
206345
196677
661475
725170
85657
835766
114569
828350
54817
895464
600865
886801
493473
634280
52587
710611
701814
959687
713379
200402
379240
833850
675773
604570
569336
562361
170763
29532
226212
240966
792980
251078
256165
454454
966248
160343
290219
80817
978694
163557
794802
408079
868880
288275
42358
911467
988886
734172
871153
530786
753096
78913
193156
428868
673483
752492
809750
662767
772025
35961
722255
565004
277039
796941
837979
71808
947284
946719
142625
754498
928798
755948
162576
797677
44222
194935
709143
851630
747628
408817
382415
500723
477730
565571
748112
969735
146584
557862
461022
908609
412344
183276
302133
507905
970217
958633
569713
746022
905351
530859
500519
662669
286806
481617
460345
149550
666552
988010
991180
242700
396826
202115
561945
693077
586207
138577
662811
722791
514960
123833
631399
917305
125630
752053
425209
914369
710685
813443
660390
616036
344301
979430
107225
449628
461046
557571
589178
946119
374101
580357
17340
589448
600993
569285
282524
187200
697862
763857
899991
212822
706211
359911
948648
650362
111963
202377
564730
812649
15819
53640
257205
178641
33070
354430
618269
312637
730522
35968
258756
104622
434846
266096
684070
35839
653902
785116
213039
180284
377493
113029
383106
902225
291461
160274
552586
393425
352651
117316
206073
186991
160956
453278
355632
12547
626229
792423
143706
356751
646912
392462
279894
81757
477079
782486
926118
949502
396122
139156
129785
763615
70707
331413
665839
352168
481687
218424
735593
652860
154261
760187
829851
133739
41985
14004
954808
658215
624948
98513
833487
271859
309496
113380
172137
605096
714387
98255
554597
110508
227411
674383
864123
116639
824317
358482
287329
306003
395428
841443
948863
539689
601630
607235
491949
633615
611239
446757
120350
236186
535270
772358
326566
834767
704260
488703
439862
418646
576958
812981
519155
622891
487363
211798
558051
311679
560281
835380
436203
774230
676823
213587
142439
106973
810822
624389
559109
250581
889667
669460
305288
424936
270338
450375
88223
964598
929078
346607
383244
334557
159587
892399
775969
465471
922718
334019
595671
482998
987921
850395
85748
664743
63981
218188
761716
693324
661098
149345
762426
550764
637326
67713
794221
897665
336609
700966
862262
265687
47572
245505
418765
25680
956425
194733
309672
879143
347273
895343
190661
335193
745737
266410
818457
628240
303119
408693
150084
954217
548039
902511
333501
185364
788745
946243
83028
125354
647208
935291
209562
513301
999317
618327
357502
955742
631581
657174
663405
797375
381037
844066
132568
945296
928997
941025
402056
232115
349718
542140
14852
716278
273171
166874
891642
61916
113117
793192
995792
578846
557003
205353
910669
556319
642201
268170
340581
102302
743866
993986
889677
124902
666573
22244
888719
595569
781791
290774
646206
950030
822915
651058
666307
914607
807933
386469
966523
911050
179660
962314
318416
726663
986188
229084
111503
456909
487255
442084
549211
59641
264591
267409
174543
749685
108174
881784
345253
879965
172557
981459
829994
813993
632517
324821
728600
268970
701291
523643
998541
699472
314478
316956
426135
129186
536041
356159
576096
841817
616764
943828
891458
871355
211236
884522
621039
309411
594826
784814
17896
757384
766272
666412
399897
227309
981233
947018
314800
511044
470661
313340
210516
775139
448818
455172
894325
803380
801331
298941
473717
418094
242769
193695
117970
272526
78216
729009
400458
663043
342343
408355
248947
927137
74766
467365
154445
874520
414383
287767
385564
875044
591107
586080
478703
858446
41251
373027
661825
661103
490490
135541
79196
723259
319236
187166
814306
215974
734697
214764
697538
77039
613119
765006
994176
506406
232370
967143
380925
636753
254909
756489
340317
664537
171089
809020
522983
30861
182047
13328
681964
662537
138870
579682
214316
276627
756848
28621
311122
320065
61906
998660
215626
665025
592186
209801
989952
814557
995465
370877
279830
78894
127365
610148
733432
116976
419167
84935
137837
419735
88263
638323
900793
45654
218004
115108
312282
793373
952252
613404
113438
832679
440585
319064
326225
851292
347386
316176
665848
342851
677053
935679
411745
622940
374347
963698
729916
783514
48632
686274
203249
126896
324596
104041
162550
532600
37671
293353
154494
808444
725279
257932
641122
984385
395517
957347
835676
732903
102044
501524
894275
769097
265723
134541
392036
458591
916760
940473
242104
955393
626747
263874
82288
769864
186437
63359
130985
214108
346713
275479
841073
71991
351932
310715
874897
737449
96583
710572
298872
188627
40616
21668
947724
296339
146209
168281
744930
881490
108753
805556
836882
554021
69429
737691
323885
74387
619572
273391
278495
956285
538870
938089
846797
880802
248804
721693
618250
335387
432264
735643
342535
462881
747311
290258
577741
712041
277060
151192
593531
204335
775269
258933
748356
663219
986625
890762
727607
606196
164152
824623
391001
521543
762712
66318
402344
830037
778011
839115
983945
38795
574758
326479
320197
150589
606737
716460
852631
702319
686173
274682
896654
461441
523615
645009
124659
510239
364292
842266
934956
346965
666889
325956
858509
258121
382274
89373
88157
978806
918489
890623
836123
321767
217101
156319
462356
642359
691300
143507
344677
377472
408189
241330
657434
921805
704861
600615
260564
887674
442880
195520
234638
928290
339997
911668
14931
540793
991042
911610
519598
738051
802232
184241
59817
837854
330561
340694
480213
840382
474202
643411
46375
872391
703263
693809
794195
408123
294423
54759
124317
555825
68800
177476
312635
398797
89144
146088
929590
898707
57697
277709
465278
678451
451950
515095
516304
601032
674310
815038
269935
148511
458449
306310
20902
161711
990119
633618
388355
113063
506898
331193
658888
565698
498669
790044
783017
406334
926132
712606
133561
802351
808836
588839
480801
89307
922455
987105
680339
596765
630664
940274
735276
89112
75104
574699
69344
65223
208317
276220
986808
705215
597413
474216
99434
96081
264259
872451
320937
190391
413577
444498
811263
222413
851859
292063
130241
774313
107688
629101
199598
728352
569375
753396
635985
463000
328094
695329
346744
354932
961549
333551
878669
558961
797767
968103
473564
62026
840553
784501
70938
82650
57519
700722
295063
899378
982785
243825
673691
90472
862927
863289
637346
260822
445205
273330
713822
763300
958660
60566
118231
920208
384117
815421
307690
10405
783523
771254
880953
452596
384275
770412
525247
431794
471133
638831
331172
453917
872657
823384
362910
735583
515193
990256
986405
950399
263586
528747
713698
50766
579313
650450
789495
781952
294392
97184
782357
77914
686959
491830
520511
889755
262241
864279
321549
723374
503109
471242
995812
204286
294625
187242
758390
799818
996020
744794
578737
88126
102062
120955
128892
671375
589927
908387
281847
874319
824093
882725
942233
339572
374554
291264
229327
626795
155542
369397
178689
477173
830639
993022
499980
125263
180264
258370
743602
176283
821685
322339
254409
913747
433294
201822
585122
23220
928730
856969
887539
581343
739694
658293
910916
932769
939557
958764
559564
913621
328160
556774
219314
158798
378317
709294
102582
548581
957664
836184
543385
779349
977044
616315
693095
238859
636658
106737
80600
565387
782228
786661
146730
350442
444953
876167
283210
213030
834930
661295
945172
163089
46590
164485
311887
414907
692301
232990
782009
478485
69173
325393
257833
864739
760229
769450
103597
396886
694708
174197
780794
476935
950858
917524
817377
224331
793690
919109
427362
457140
408924
201054
610229
445514
184061
740637
678942
866362
963627
460950
344846
851322
604864
421201
716060
193613
190650
638178
580499
875358
802375
361293
180814
581754
107337
816712
796085
719549
735820
51967
176688
963266
71543
605439
237300
245604
174596
906243
111965
956745
367192
275332
808066
790578
686533
352646
974191
695704
980824
383211
571062
611719
734504
741876
193472
660362
387108
808079
208431
941450
678567
203641
904715
740110
799080
142014
975714
792197
866778
906200
748941
233970
181532
385527
843069
686586
728173
817259
382290
537517
200469
771873
149236
753494
342269
161229
242377
719377
787829
440808
660826
466396
634449
565540
35026
262049
526076
829262
54246
392853
735461
621708
445344
735514
997236
288412
422100
553929
105671
622911
91446
124661
394783
230682
696677
727052
381911
929054
446428
169740
198382
107254
454657
822832
491315
479683
903402
17390
308944
947648
400244
862927
569356
835588
426961
395112
942522
839061
939041
866714
461971
30486
981375
846754
79689
506572
402326
280122
435625
838755
268383
624008
764530
713040
275360
255844
21243
178761
263235
148709
944931
482000
11635
342807
146108
428596
727919
88629
96178
666959
945343
376670
515967
926718
51945
585656
261810
444271
855778
687436
111546
124160
139964
866076
827200
405324
121920
666965
402606
203676
805674
176057
675676
635830
508864
811784
882947
236782
890414
797646
722263
664277
174316
238229
419515
44782
642406
671326
307574
498184
358761
409121
612344
317246
275196
268065
541091
215637
925030
933697
409313
559224
109754
903510
195053
437139
543815
896521
492443
262749
694167
214705
917026
687004
271455
336541
721786
903861
997867
29359
230565
185148
428480
832910
320915
522198
919496
852006
556356
844525
785702
784191
232269
713977
687700
417322
969638
231514
313842
462080
312784
826530
495306
229810
513533
756761
384872
235318
489142
211259
83199
709708
386407
330200
371138
697322
670919
290633
377848
227275
953679
163549
11465
185947
696048
517686
421790
665685
739201
554153
946286
51984
380683
441591
100315
712737
26872
475187
938056
334535
676446
21254
44242
881374
169975
233901
407216
830895
514534
775064
58169
296733
757135
878156
472680
453182
395841
712991
937388
135041
267144
883673
995548
466348
153784
914384
179084
170656
389571
935661
495191
884538
775436
357955
594433
935412
581856
991649
766306
914912
766713
642996
40165
523847
521151
331367
795550
906992
44357
561458
860555
130022
273651
684623
414891
417435
599006
583976
406612
807098
348157
720324
520157
123593
78278
114589
877526
478656
106237
472352
222088
691471
115347
80774
43838
626498
402141
657909
362010
265020
219366
222564
385042
311538
725708
789934
547494
153235
202430
772627
778854
369108
492951
299010
482701
389750
232120
360226
686927
156879
822578
899015
838350
756446
969790
872189
211464
200451
358618
563475
455471
567985
604560
830514
698044
330268
448968
245538
473503
469919
18164
252356
829027
329636
369888
140249
709387
592008
490475
396313
738887
141574
123849
405758
888020
912160
106467
99484
112610
455085
481480
558082
23069
86039
217116
539635
234828
656084
603694
526852
944524
611858
769209
773550
760016
957618
903799
469402
549625
222795
684236
117033
182890
798085
512791
70909
538765
609258
978915
641376
64342
288915
27978
895934
364955
235094
435568
418304
709699
39261
935157
654222
469640
704365
256292
229655
490503
160091
517578
858649
201407
201814
965682
374297
818420
306993
263727
357185
906251
71163
817082
789115
350078
835060
685048
533554
70153
939137
941859
769852
796919
877015
252594
95079
409900
498886
143256
890403
477498
650834
749051
668905
671169
543254
43201
318110
840247
125450
493816
575019
186613
310897
364133
526691
145956
867702
878767
34630
806838
820625
623003
432277
526160
865597
517356
926060
364482
650612
644983
660502
129967
222554
329406
619657
584329
191129
927767
424576
306579
250103
818116
311713
551000
182248
828404
515477
49949
535691
540107
675308
356315
163109
926106
700996
847227
271982
455576
40230
912595
919080
690732
861083
141634
838659
309260
544484
29787
65548
787581
154887
305651
605696
456600
846652
777944
113525
362128
646414
639216
720757
150242
814053
702387
76347
343569
549614
338330
789146
408365
79445
708225
99096
759049
668380
756276
68308
212864
776064
123856
990445
749472
419508
424662
206072
94680
31126
138118
275329
667541
595855
814607
636304
238428
516994
531173
571998
885129
859503
361143
293493
757469
887889
211110
345038
556269
957386
403346
587654
561970
345724
406619
311442
583753
821281
336035
668433
842408
292674
762283
338469
878529
576890
964773
116957
93883
495945
678955
797533
183968
858619
91025
759958
746507
120656
104995
131296
78041
326863
537471
458533
662587
934091
759975
246339
583892
914531
733293
254820
207204
495575
583289
904254
72464
376583
839732
974869
691049
518686
772401
693539
205825
681947
453496
770854
792603
377013
892150
689166
693876
429621
966220
184983
192232
726194
249843
766124
469245
973136
20944
494970
468710
422754
399223
359696
617858
238955
334564
308907
576162
925487
992446
771988
435954
274462
371362
57078
641475
263511
736244
335350
511653
702463
338854
522406
257177
578697
288530
544943
551832
127995
39912
839064
369270
429135
27280
977129
486611
351844
114556
62773
105851
107001
653282
531806
199984
24643
578884
831460
278154
143648
985331
608329
664632
324185
130734
740330
892882
237785
285272
273235
184301
315184
112298
543572
562840
129578
349221
49451
299943
453777
102224
224316
379299
574027
746122
569283
588670
153526
229263
685345
287174
214594
293673
770327
357300
242929
510656
250181
470714
785928
341937
473537
919633
272756
835630
482472
220855
184850
350444
510799
457148
271189
553636
654968
835216
299757
224250
423885
271804
443514
109230
548978
476629
221424
147825
823929
454353
648481
892631
743589
262929
63089
217125
182561
325845
871276
483554
536701
56125
652520
866021
331794
913709
419656
976762
748925
537934
201011
172809
799738
463046
100560
177236
758196
311985
315061
410645
584859
782063
303276
156968
44991
184886
192614
46073
500731
63889
348148
37431
928536
990668
721973
260329
904377
141628
237090
481822
669562
256623
473152
297820
709669
563713
465056
296386
694219
598638
697031
107598
380700
818828
254567
244212
993714
265702
280285
494445
319592
446955
350397
248127
437622
72370
498457
170519
32519
554068
642341
520603
800691
115493
808423
338881
497727
102000
625267
191945
690638
322297
118064
71338
959647
362631
305550
953360
618334
404357
276325
756447
841312
616723
823095
107454
507614
321551
267974
530133
865620
728836
869257
494831
662850
677680
823712
160576
598201
277499
171042
288838
418318
279107
178697
377964
460259
302769
331323
897114
525647
426170
653560
366958
861414
476655
292933
369027
616727
379428
717681
310867
108264
586938
795699
589635
93138
447931
740212
681339
715431
729775
788698
133748
998882
785917
501712
287662
907207
651556
184775
432853
77725
828336
618332
929139
133511
901265
126686
568759
109214
662889
869627
207478
249826
665325
615634
161485
113255
355845
661345
818686
904142
278563
770955
903023
64479
272666
19205
961686
914223
193981
223059
810469
840838
831391
568129
964349
561177
684815
361628
660391
347703
231254
686390
416050
715100
302023
396056
646877
476390
875922
294083
380531
154485
65038
112074
37485
327704
121280
989172
70447
305261
40751
870917
964620
862143
267566
757489
251840
942381
119116
902231
118605
340371
588620
353176
55470
880643
567754
520868
185553
443675
804952
556084
588160
859990
658159
615646
16214
597960
433338
76662
721742
464089
766100
686361
154752
33665
443849
396592
794567
552965
298822
731693
711857
705963
84869
585849
415127
642623
106716
590680
86297
730189
146764
492979
590178
623444
108624
596393
221403
360483
491576
933145
814572
257675
619505
959325
109861
881875
355916
894428
263360
473260
626121
965218
179222
529511
379587
584349
990655
304824
993551
76951
35013
140314
388451
615191
582279
487075
40104
793682
837558
521680
555347
480651
597876
993373
268496
697737
875247
614412
592165
957128
906193
46806
750866
903937
566317
130452
488285
556971
253798
481835
452443
278811
440670
830895
712523
22948
146490
571149
635151
802570
92828
190497
283220
509226
183869
541716
206962
877637
974649
617648
834765
880842
482975
585630
784778
867813
534604
101583
253304
778402
401940
695748
875734
661131
355163
588256
674080
320174
159404
137751
122743
70754
318249
224484
569980
320639
756200
595463
198276
559370
41632
851562
268732
514607
265712
872031
382420
790316
963614
625724
397238
194074
149992
272971
845206
495155
851228
347806
633851
829153
475557
746594
889907
612327
961079
288407
922967
545799
873871
939764
105168
905503
791325
363900
248630
57036
235930
621050
837353
28065
75295
63111
40660
215287
326083
875866
528964
177310
52192
162814
824984
346271
899408
714891
948598
689007
821819
871564
234806
524210
639848
158495
258233
431172
512396
496864
478209
566847
117913
144082
413433
183208
197193
444094
217017
341797
148480
735981
509107
190673
888795
162612
526944
616723
867503
304062
134251
517842
994148
187578
42052
633995
336073
290285
65167
666990
777149
361897
62358
713584
324500
465791
715313
340214
899885
922330
672012
866887
486831
999640
57559
204146
162251
403024
639391
848275
525607
763642
366117
519754
941220
226690
153749
105813
506975
37437
591325
112645
217855
643683
644750
532355
927995
360062
691090
656401
110913
363101
523287
587744
191262
399367
781891
172034
620912
421281
20309
146518
13443
204947
656273
773184
421637
800022
868997
747133
655980
288842
849778
863835
922525
494527
396189
679041
673111
905800
335441
774024
97422
848728
361767
278684
248094
962179
440718
859006
383459
279548
824045
386902
303016
480317
978607
714653
108859
847604
290307
754839
954967
140084
618673
877492
453133
833383
556532
944765
567704
881973
547309
655126
559221
899076
752331
625836
689776
21569
313362
891756
291118
137406
107179
412655
607724
85785
127308
535104
751910
407615
289943
706877
366220
727137
584368
637874
389041
959421
411159
946745
669914
948468
430391
57655
676065
182721
673491
365840
194290
805374
257595
303929
932780
354774
706585
369024
430560
652414
894129
10990
878550
12592
707867
73290
558250
120755
701165
765812
80175
930845
541077
568610
879313
961468
616265
555377
962710
118276
739738
157000
742171
987333
279450
674951
170628
976035
862496
419709
456969
756624
420699
335518
587737
128566
398809
145987
67842
918495
901799
956540
849339
271397
525149
557172
232864
959936
112548
195574
896733
842286
171095
638904
658140
440545
142375
818768
245101
994871
66997
692070
580016
477696
27588
167752
424783
244918
132260
482626
981934
852581
439165
659793
123977
782835
216965
346841
571291
148034
360936
468024
808842
522031
925449
466981
781098
67823
114269
26198
881215
171266
708268
461230
467483
554377
447504
710788
617816
569764
21934
599749
422344
451099
259542
364842
62454
295028
530205
623746
261583
881141
910291
70424
231693
664260
355926
12790
550604
288716
28988
431818
278503
555777
883049
735987
110154
330552
275295
546491
718837
287229
146240
959703
556849
224303
324544
609303
337852
673270
61569
589435
554411
790381
649860
604625
454640
824307
607415
995244
113023
454924
427062
381526
10700
138631
936034
929376
287704
211328
475867
825062
488557
612107
784764
45405
654931
927830
644709
982783
601099
524799
400738
974031
315180
50597
578655
759820
693426
14590
583585
796449
459514
829168
177974
460215
786320
932530
389590
74023
143857
683978
717606
622415
296084
330891
486341
769536
258720
949571
580839
678340
474370
971578
480892
779550
840696
878068
367890
534121
882659
941475
159090
342172
599163
327065
792387
385482
259594
10498
449505
221972
684476
985633
662908
799082
316523
149249
397138
565243
98819
967978
72103
563189
939555
371516
171259
780250
249584
529150
142892
132242
299145
291982
464414
888309
437568
85322
273790
515683
904342
541817
727656
417338
527449
390563
216419
833972
529812
603558
227735
618632
571535
118359
10341
339610
479876
171601
938381
719460
519272
81272
841702
808417
363255
134636
696725
790823
209958
789037
306506
932821
159374
852683
350159
676823
243245
556578
339315
591579
978657
385571
38731
378712
322451
39072
708322
792327
29194
646703
340307
538466
546496
10529
346883
899751
135166
862129
519095
163645
479686
644122
96466
629060
496804
436625
134403
558570
811724
292239
150148
790381
667810
178879
987614
808783
36473
695936
601109
55667
171159
759938
584134
707655
760467
749538
435927
714154
611666
773543
867800
91352
417664
782787
538933
904468
47932
663337
291558
849656
945576
431707
468557
441907
429107
456171
250689
455580
970628
670319
329769
960308
258777
903903
496483
837766
653440
750931
551919
93626
524473
248239
993500
932137
31025
532433
665125
887479
24290
946684
737135
788387
206911
34212
58814
454539
308904
299503
900120
108052
788344
58409
68359
865642
952312
383364
703407
434272
134294
255326
346419
477289
493565
339919
237946
343112
690873
893072
230590
533684
668276
786246
322070
693708
810459
370885
148246
937884
488909
866887
45936
105773
915296
922817
961416
696128
306180
664822
948921
258996
910148
295340
726285
232234
453780
954231
393867
963174
675823
442978
496857
172619
229224
637448
684848
858204
998333
651616
624608
315763
518502
660544
411536
262319
583361
372951
776968
708062
856295
725889
785579
594963
839750
511863
645718
293529
294615
39584
256702
788959
472563
572080
780100
520308
209527
464947
207032
207860
116562
821640
342144
453586
310705
743680
534426
884066
935153
311393
420648
619968
37281
206227
214930
867031
536611
850649
979081
649747
708754
235782
438706
999838
626383
47326
520145
825911
330794
545698
852292
437357
367338
194435
709464
668043
756636
243889
380629
691788
545282
619798
311755
401085
816025
345207
268115
181157
195855
247196
820904
723130
301499
88130
722968
917883
943978
71633
572314
274772
607332
424605
702129
793191
437561
240113
289754
194196
474002
488904
875985
837805
108701
16260
238889
743248
351467
497005
914405
365843
562722
563829
88973
682742
470481
801941
429145
414458
863574
991459
679230
299426
244584
209879
92616
672145
439992
200891
856342
732515
679795
560847
570320
778497
395628
627730
350265
565617
943256
93190
921460
505977
647019
10432
17240
936021
630894
436385
350479
322989
256365
848230
612415
319470
876631
523553
981616
145143
714444
666478
867659
394239
55845
266499
991257
269994
884229
341521
825611
827485
424711
747071
161982
890251
576024
169222
826272
206918
424129
995272
519907
670494
843501
950843
979964
548652
474395
790100
683796
188839
285098
551454
573078
159464
636474
564334
419459
520702
724376
245069
176707
149086
982140
328690
39336
386685
487912
684129
583603
902041
679400
922031
401055
351422
872873
209540
890074
347268
989640
402390
354628
103259
943844
917706
252723
408838
310560
662182
919541
34935
897252
96247
992543
707912
243458
850400
94596
721371
534529
496720
451932
42449
418750
671509
212392
120144
871049
920988
285933
689209
323377
630561
782468
95742
376787
35191
494580
677347
687373
242641
530803
413145
328889
523345
121057
390868
373744
34174
112238
726794
520895
382692
759244
929645
54200
961636
868310
743770
711144
154242
432978
34521
603324
43967
120263
970111
69158
433364
475978
575052
666006
996781
978198
813416
348646
917776
204283
712391
941950
135043
439184
462844
336256
26948
221010
208977
978585
907841
942747
689728
62083
204245
542770
655407
238212
481554
454039
297370
904919
920017
690944
399445
745319
497662
212860
93964
415437
235664
796355
185907
360707
64060
467273
686963
81008
506804
885940
878114
414644
657207
396363
295248
851453
929133
769177
89664
410687
223215
205556
144126
143231
886500
533571
878550
212682
564952
962515
446640
790616
587390
622547
969845
641450
908341
656807
712459
243665
371268
419093
648310
28474
805456
762079
869927
734589
531255
778113
963797
744470
973669
107922
706223
688689
460014
413293
719892
843487
375807
166531
634102
781719
607599
603946
423168
515940
89274
954148
578126
450542
373241
226435
297537
178696
807036
985986
731806
338290
764098
695602
901282
566287
622045
607504
83496
900580
20796
793388
744066
215125
949919
206689
986844
557517
629156
238532
891978
708430
21201
470104
977493
212963
515060
103551
210180
322095
89536
760508
478907
843634
284630
380188
238441
896676
977692
311937
625776
817009
105324
198363
32133
55242
395052
837498
431280
24207
894552
323258
551159
734274
611883
357172
937237
126942
450723
965938
267559
530259
726445
736466
202413
11075
116653
430854
726272
912866
561312
352047
729874
656636
368931
580529
530399
753983
246547
951680
596712
141098
274937
147870
865372
705341
323563
631129
650804
764287
597067
908363
123066
152032
473349
144001
153107
408523
564855
697900
149909
944689
868469
698305
601324
237399
278833
131723
809904
515380
83402
406615
475000
176860
373006
168892
700722
686569
790022
351525
279376
215609
259888
392443
357641
551758
526444
329270
950282
909820
845691
100190
854508
714159
788495
284353
941559
885849
406076
579983
229750
307999
976598
523271
303380
178124
682163
822623
683214
300705
174147
952591
506314
252556
173554
682477
794315
689998
830268
573117
428338
675958
663307
111367
390117
280323
385720
160196
984693
610317
730179
214442
736837
535297
727713
858738
531942
409876
681360
215155
529102
845507
167745
35416
98063
159820
536414
710899
839818
366681
284015
96677
861160
765843
198044
79797
46165
402285
58514
30858
12601
607214
63821
567959
142510
781535
426696
492973
19931
926577
698129
539033
772083
684395
392970
688667
834216
919384
399565
502554
114585
502101
589231
794267
267944
605796
864064
304109
998081
741100
153488
829203
348313
207310
225682
309345
807366
470899
792318
645818
397475
490446
184850
988080
174841
396342
505267
999057
315725
723354
330131
248832
225454
909363
861620
483398
343679
554204
606029
170281
295303
578038
818005
633617
603869
43687
932962
411234
504586
725279
57051
720583
215725
60423
708662
209087
446765
42449
36664
581011
755803
356795
648364
971258
94678
509983
283176
428358
64187
707726
417160
349490
285764
235164
973107
708154
97372
906068
119388
591959
459868
984961
141062
665593
863905
668245
693201
139190
700694
719865
710202
285018
76659
187086
256275
979860
687070
357972
236738
569778
884220
643898
737789
169983
869062
710896
868137
956435
445484
806046
376914
723873
619528
336497
389465
311953
994742
82665
441144
523956
621051
151345
798974
687711
328431
873770
496091
834022
231742
722829
232320
115961
366726
960110
104465
64308
499526
791123
839264
763531
425690
44698
487404
863739
371195
866869
175691
194457
768056
606835
708414
217627
576701
507387
723859
723654
209678
219949
557675
259941
932778
779996
194423
128024
568626
288888
182333
68151
898532
21596
821682
152742
56295
309085
16480
246011
994476
10693
430469
591052
436049
138882
798679
12750
464790
522538
726404
664468
732487
112599
742930
493786
711116
927353
611810
279741
44761
784143
166413
933294
624261
978096
904557
499077
287180
739559
735088
110176
740252
165556
691228
176300
122959
489907
997572
406271
830966
552496
889260
391973
483617
632190
875759
23253
559542
487569
121516
594304
100232
277929
356118
714493
256024
260674
42090
361726
818754
767179
461902
387526
751256
971652
382348
692737
461558
379919
917529
121044
750937
806788
503017
234553
438977
378776
247806
817041
684866
359322
411344
775098
455773
585983
318112
701797
665178
350202
882044
483932
935902
172467
861458
515679
144118
243805
208415
424197
442246
125943
535241
193182
922731
38257
417735
190229
407033
484062
825791
91898
661906
65655
685518
117678
641638
993630
637996
306815
172352
520040
609268
108254
682507
299247
613933
645146
361573
812348
69342
793819
756812
594583
977001
508063
622840
223256
516813
29873
697319
342603
930293
359224
398258
615810
295423
39895
609439
923419
165232
771792
443458
593021
698567
944486
882268
312499
589631
243841
943368
648973
856181
528700
72076
661703
36762
684917
703480
543576
533311
229319
876179
463603
407064
102958
79413
692487
132853
507373
615906
116606
107685
59363
528149
796252
822371
238937
927272
240522
301299
699160
879496
157480
227859
770093
809183
254622
455009
341183
616719
978320
560503
321418
270444
957567
414376
168378
650054
365751
665751
265959
300878
591958
143843
819027
216730
956214
57964
144002
196736
349263
661683
894753
325264
879543
664845
952968
952686
938376
294151
569404
745216
844654
709343
15659
802220
123719
174037
452273
307991
658310
536753
598869
250267
670597
246417
456997
455331
122902
419520
470588
462165
81203
193861
605951
779267
677228
558918
731952
615603
843069
129876
189339
516243
829219
194999
318463
771459
359036
589257
897971
835867
944532
325361
86133
615128
561778
361652
888980
674680
599693
188089
955366
499417
371950
389837
278683
867699
938756
10634
311822
610345
130510
491162
126588
778251
676161
263572
378230
853718
671350
276201
689585
615881
591562
594239
59529
153339
774412
938510
646540
374105
945120
430426
692043
317069
810264
960727
184768
577540
961361
486590
16405
910393
967752
951515
688643
472433
215086
66872
326151
704958
333073
834257
320838
743156
428495
198889
715016
31428
955920
190076
224054
901039
610503
906097
218107
249287
866823
221396
645348
656705
526508
651753
567097
322780
603268
84260
785214
636875
959654
929886
341832
121248
764142
481192
854404
21157
670081
569420
861107
626000
749496
85160
355559
188519
981258
563666
256327
676601
603584
891675
333305
130091
371949
890402
271392
793738
793183
56605
259133
752837
976491
590966
864085
569153
890679
718488
408832
389280
116428
269938
833801
684446
345099
189359
862965
154877
571546
937814
821478
993651
658009
154783
123741
29957
863706
213655
642216
485410
260260
891350
238246
65272
310836
920852
452946
30035
467860
851778
409315
574289
121716
71636
258734
456815
250995
940220
601692
641062
878033
251690
634713
536042
224994
576975
384520
907222
780630
845258
392631
859412
736607
449398
914684
47442
370249
367629
67477
828109
47928
295313
230918
159644
356949
479652
434980

